26 171 229 202 4 99 208 136 166 201 231 210 66 39 92 199 34 79 31 224 176 146 147 232 128 152 173 113 6 149 244 202 246 16 236 23 212 168 59 58 164 120 24 113 20 183 119 197 254 215 116 65 176 109 77 80 155 143 113 250 244 150 94 226 
143 56 101 17 91 202 142 77 137 182 222 74 184 137 113 72 89 91 88 251 67 164 203 92 60 123 141 136 46 20 247 201 193 110 11 225 15 33 3 99 141 56 42 105 182 243 128 27 137 240 33 100 254 245 22 51 124 235 102 47 245 85 3 224 
139 67 79 78 227 45 5 199 93 134 251 90 109 88 96 247 37 18 85 167 7 203 135 219 187 157 176 241 130 193 49 136 100 72 243 168 93 111 196 174 162 239 123 84 72 156 39 17 181 212 112 219 159 42 81 225 15 107 16 74 70 244 67 180 
128 55 165 236 219 218 215 43 146 230 192 14 85 63 83 172 169 229 249 163 99 23 111 122 33 120 176 52 8 59 191 131 162 182 80 215 225 37 44 126 204 100 126 245 132 56 224 33 193 148 67 158 67 199 196 127 60 196 52 254 242 67 148 144 
79 11 97 169 0 187 6 38 194 41 215 135 65 102 159 101 59 21 112 243 156 70 51 242 66 9 39 154 245 188 78 183 37 243 208 222 74 15 215 64 236 148 162 136 190 76 137 3 122 219 32 41 170 88 90 67 82 119 52 176 32 33 56 153 
2 224 21 28 236 5 34 43 146 82 71 226 33 217 205 31 231 178 229 147 127 97 204 35 217 70 106 56 196 110 24 158 210 219 222 138 69 188 165 2 208 28 147 233 68 10 245 219 216 83 104 12 96 141 114 173 204 155 204 205 167 149 79 173 
179 204 60 229 39 2 43 208 60 85 53 53 245 8 47 86 164 212 78 75 43 105 95 141 213 68 93 146 225 203 148 218 59 113 254 130 153 145 24 165 198 187 20 109 74 36 166 3 191 18 194 133 152 204 84 241 169 208 1 198 91 145 23 92 
146 178 156 123 194 130 15 91 181 107 221 44 86 223 160 154 149 94 93 163 135 49 185 143 71 242 97 106 125 42 57 237 180 158 63 226 86 139 104 188 222 1 247 76 143 57 15 110 211 191 147 203 45 211 65 105 110 77 152 163 106 61 182 118 
132 208 84 18 36 230 184 227 248 136 23 206 149 21 232 202 126 107 18 248 74 207 250 168 242 124 109 33 129 102 96 163 5 250 84 250 175 152 40 248 181 139 194 50 146 232 7 188 245 77 33 237 60 249 37 56 200 144 201 65 221 120 62 192 
230 90 127 168 105 204 87 28 105 113 1 219 16 128 182 237 198 215 107 48 166 55 213 111 250 195 70 192 32 169 82 13 187 199 211 169 108 154 149 194 248 245 230 113 232 133 89 220 228 79 85 91 228 22 236 135 201 41 120 36 186 112 183 196 
120 190 0 184 233 94 46 178 222 246 212 75 24 33 60 175 46 108 179 8 30 102 107 153 55 132 74 39 2 83 232 41 35 125 9 210 3 252 251 114 242 90 28 79 189 225 243 219 110 119 25 1 163 7 120 230 198 43 156 113 195 91 221 67 
211 15 105 126 100 186 149 220 71 71 75 236 119 184 243 245 143 46 245 17 104 193 90 172 29 142 236 200 157 4 213 32 85 1 109 6 73 246 195 162 200 122 96 246 232 193 176 202 85 179 217 23 206 84 165 68 89 191 74 137 220 204 244 198 
157 120 3 229 189 6 17 120 116 105 171 168 32 21 246 32 80 193 9 61 133 133 212 75 82 43 200 158 36 194 13 42 235 117 195 47 75 229 30 41 209 7 17 6 37 240 75 201 200 228 168 120 59 242 14 18 128 77 77 62 139 178 190 211 
61 241 120 22 230 22 142 87 127 209 121 96 109 105 3 219 236 249 70 152 232 220 104 161 91 22 208 40 148 74 196 13 89 50 80 249 194 202 199 41 10 5 42 63 237 107 232 51 250 59 247 51 110 174 80 125 218 76 119 167 20 108 20 61 
71 244 154 156 100 191 58 157 80 24 66 235 23 80 19 33 33 132 83 152 69 17 227 119 108 30 44 149 236 237 35 195 211 207 44 74 40 231 126 203 176 87 162 89 246 54 201 229 226 177 252 162 5 42 6 208 140 50 128 161 66 4 148 145 
125 231 74 59 116 65 128 205 198 82 130 186 53 114 32 78 52 48 22 144 126 104 83 217 214 228 33 146 124 35 251 184 114 222 68 90 109 251 128 22 246 226 229 238 196 201 152 42 149 167 181 185 44 6 214 110 56 4 135 94 69 7 134 52 
244 155 133 209 208 80 32 108 1 135 60 150 104 191 1 220 231 219 199 201 50 15 37 105 151 62 179 42 211 46 192 48 88 188 236 116 207 32 191 220 97 86 113 13 103 166 85 67 192 30 127 225 188 37 170 240 162 4 60 35 178 0 196 135 
87 115 137 108 150 73 109 70 193 70 26 254 36 211 227 191 124 0 31 51 231 184 235 72 12 171 81 205 212 228 126 193 140 2 30 206 78 197 38 220 181 16 146 229 84 134 232 147 71 143 221 4 1 146 246 106 113 125 32 155 39 140 217 67 
68 163 154 108 203 121 164 212 251 96 66 169 30 120 115 92 101 216 35 180 93 73 193 46 56 254 168 3 105 157 9 129 108 151 199 11 61 81 3 239 152 167 196 158 94 170 75 103 251 108 89 166 6 5 186 61 10 182 237 213 11 155 52 103 
219 21 115 216 2 139 105 196 114 60 191 39 77 197 16 161 140 177 157 167 116 51 75 10 193 154 159 164 78 179 192 188 190 104 78 204 127 87 20 224 66 148 164 62 78 77 220 96 123 54 130 185 165 5 9 29 14 129 154 87 237 64 254 71 
89 107 199 66 33 151 95 31 136 82 15 155 155 221 175 198 193 80 171 230 65 101 215 92 115 72 101 81 8 50 246 223 231 181 30 248 215 124 49 227 214 238 152 192 30 181 202 1 171 185 11 111 153 175 61 174 129 101 251 85 13 174 21 70 
92 35 236 214 69 74 101 136 161 57 76 37 169 212 91 160 196 126 232 129 54 101 164 29 117 191 165 234 244 27 247 114 185 12 106 145 97 237 149 43 220 97 6 70 83 228 162 207 81 232 143 201 190 158 79 194 132 114 140 140 116 211 155 30 
201 217 166 12 76 57 108 174 172 233 250 88 188 48 82 157 115 56 197 20 240 0 190 75 151 70 226 200 252 211 43 66 109 79 126 174 34 1 201 159 86 36 172 222 244 232 0 167 83 217 239 187 111 233 195 52 51 44 78 58 60 141 177 217 
80 169 9 230 244 202 247 199 75 139 250 95 198 130 64 95 14 113 244 55 39 164 136 157 69 99 225 117 98 44 226 26 48 243 59 159 196 110 176 175 117 172 169 126 39 77 217 34 13 220 84 234 131 206 192 229 40 29 83 53 237 133 207 98 
11 53 134 107 39 195 51 62 23 239 10 187 13 50 163 116 172 5 251 22 58 207 214 76 141 206 198 156 181 131 56 45 220 207 45 161 230 180 45 206 244 239 139 14 101 170 114 152 207 56 204 147 108 117 188 225 24 132 92 161 131 40 182 178 
198 66 20 168 87 243 174 237 12 43 120 166 243 215 68 180 65 190 227 35 218 41 56 3 219 97 195 19 228 151 23 19 200 140 70 61 23 138 242 2 19 76 22 149 87 90 100 91 253 133 143 144 112 209 86 25 20 31 33 204 138 61 9 169 
96 2 245 97 16 133 184 150 14 70 114 141 105 65 217 51 74 132 11 103 221 54 85 234 62 60 111 251 107 107 104 236 187 187 52 68 226 132 106 157 163 140 152 144 208 195 81 111 65 172 220 250 13 171 190 58 103 161 180 33 101 162 128 121 
206 242 36 91 144 229 215 84 14 153 235 55 108 140 70 228 152 162 144 252 165 44 239 220 221 5 184 146 169 205 80 36 3 134 92 235 15 80 190 148 73 146 238 222 104 207 176 127 109 249 252 110 110 195 212 181 153 187 8 194 43 164 198 189 
193 96 210 201 153 215 230 207 215 192 47 125 181 240 240 77 62 183 108 28 51 231 141 41 6 69 251 142 79 132 23 210 33 4 110 135 238 140 137 115 79 28 155 208 44 249 60 226 116 93 94 112 17 24 81 92 134 206 144 67 41 116 104 168 
102 9 159 215 204 27 205 253 114 52 133 179 132 154 75 96 24 60 153 85 77 0 49 11 87 105 56 177 112 21 178 57 166 46 36 230 86 206 22 116 27 170 133 88 3 126 3 201 138 198 93 111 254 200 155 24 40 57 8 252 134 196 110 218 
202 225 210 216 182 186 218 10 42 129 137 160 129 43 234 252 122 177 232 97 86 252 193 53 153 93 221 109 54 45 236 111 34 235 146 80 50 182 214 50 75 136 80 90 32 46 18 132 214 25 28 234 44 155 187 77 237 198 215 8 131 128 16 76 
225 118 78 143 112 253 66 88 188 27 10 33 82 221 73 0 122 233 239 149 49 173 141 126 36 80 204 166 49 169 35 153 51 76 39 158 57 49 100 131 106 241 223 157 158 222 198 109 215 80 8 52 238 33 236 88 189 191 23 82 90 164 16 233 
38 237 18 26 102 111 48 44 150 214 162 105 182 69 162 132 220 115 155 120 85 24 105 174 244 13 223 34 197 69 182 82 63 215 62 122 72 210 177 109 197 93 236 216 187 121 60 245 89 177 248 83 167 124 80 43 24 20 179 218 67 54 171 59 
220 172 227 130 190 12 140 240 66 2 220 98 94 48 115 59 156 37 95 116 247 18 119 240 92 128 165 15 71 217 11 167 196 129 91 54 206 86 206 184 102 91 71 103 174 46 214 77 19 46 241 13 119 69 189 137 209 49 50 133 147 224 182 188 
123 24 156 230 221 18 77 155 238 24 4 41 71 162 151 229 156 70 132 175 91 246 2 92 203 209 52 163 157 205 47 192 78 57 3 77 110 183 87 168 168 165 48 19 162 68 248 171 227 216 127 3 155 141 185 234 242 106 150 148 127 41 79 209 
38 247 137 67 12 107 244 181 21 152 13 51 78 3 7 109 235 222 157 122 187 121 9 164 195 37 29 116 162 157 37 28 5 159 51 251 40 113 251 85 242 64 212 10 205 137 73 188 39 132 188 120 114 134 129 116 187 10 102 193 124 74 51 77 
87 124 251 100 183 187 173 126 62 254 167 135 85 77 55 32 182 153 18 230 221 154 215 104 234 119 129 78 8 128 198 118 102 217 118 254 180 91 45 151 140 196 110 230 177 102 169 166 59 253 109 58 144 68 195 151 192 130 74 115 194 173 58 177 
36 93 234 108 225 140 1 177 236 90 99 38 143 126 22 10 206 217 212 248 182 187 211 156 179 160 199 199 240 55 205 195 150 134 37 233 250 163 101 168 23 69 251 107 234 138 62 183 144 99 65 156 132 165 112 82 167 56 89 23 234 3 103 244 
155 158 194 2 156 153 50 112 166 3 4 2 227 145 43 108 216 93 173 128 195 214 84 31 177 113 109 98 160 239 245 221 80 72 54 170 34 112 16 81 164 86 30 69 50 193 159 46 113 38 184 36 175 85 43 137 141 246 248 152 179 121 165 252 
204 115 69 29 179 64 60 196 151 242 233 34 129 156 83 219 147 10 175 133 235 212 44 92 6 114 127 88 201 79 201 57 254 129 187 30 75 25 28 69 235 52 23 5 241 99 40 160 209 158 157 197 71 243 93 138 253 123 223 246 227 24 150 42 
104 194 153 114 113 138 103 197 91 57 157 100 125 27 162 246 202 93 197 227 24 250 199 168 112 192 42 127 3 158 3 80 108 36 121 207 228 131 156 147 166 137 225 173 1 96 226 13 82 204 39 204 111 84 230 166 24 35 189 130 198 184 14 142 
6 68 111 123 131 90 136 98 98 23 125 217 166 68 95 65 218 238 101 121 88 134 115 34 1 142 112 86 88 141 22 32 22 163 30 87 30 35 155 65 130 86 115 221 124 121 155 250 215 47 60 95 246 234 117 239 204 189 125 173 210 29 39 189 
136 201 201 40 2 58 86 193 253 45 11 71 229 19 35 157 95 160 220 250 179 225 56 70 224 67 254 164 121 33 211 204 160 136 155 78 254 148 253 124 59 247 148 43 61 140 134 78 200 189 81 160 187 201 243 27 189 121 171 139 230 173 124 60 
27 161 231 40 19 71 104 77 5 223 85 200 205 227 21 102 2 234 197 106 152 113 228 31 199 183 34 200 13 182 51 226 236 161 159 114 156 88 18 241 82 207 221 5 121 132 24 42 233 136 230 243 31 201 25 121 185 114 120 98 173 202 124 22 
94 146 201 211 175 190 205 213 25 63 6 139 65 55 206 170 222 67 148 40 230 21 170 142 135 24 215 33 161 52 54 185 72 90 41 94 238 179 57 70 102 137 213 80 116 110 108 251 211 111 176 100 40 82 35 152 226 226 221 230 32 78 219 12 
162 6 95 63 12 172 202 85 144 42 143 51 189 145 211 132 22 169 199 169 156 48 225 189 190 223 7 142 67 73 110 112 191 173 198 102 198 43 46 165 169 1 45 141 94 165 87 168 22 124 204 164 66 181 32 0 232 111 100 16 162 26 53 234 
208 202 200 221 26 52 47 219 0 124 247 86 194 250 180 20 113 209 183 199 39 232 110 41 165 249 209 158 35 92 41 154 152 178 105 19 96 31 246 129 246 202 24 49 202 169 21 84 108 224 173 181 22 188 229 14 104 153 130 20 77 220 57 117 
235 114 71 84 47 130 214 143 91 236 194 31 96 162 75 26 53 239 141 60 76 244 190 82 254 128 9 213 241 150 49 244 220 86 223 190 157 136 231 96 17 91 207 141 203 137 21 74 156 15 18 41 11 75 36 248 235 203 42 0 70 95 132 128 
181 87 61 224 203 214 186 84 68 0 1 12 88 30 153 177 138 163 74 170 58 21 239 136 38 25 66 147 206 3 52 82 21 44 108 207 212 218 83 214 239 202 169 227 170 120 235 138 114 117 43 132 98 162 23 232 12 8 228 103 71 134 24 154 
109 194 219 234 125 178 55 20 106 156 126 207 240 203 200 41 6 2 251 90 182 36 141 219 62 119 14 28 213 97 203 22 21 224 129 151 77 246 208 26 190 192 87 150 192 253 94 114 217 89 90 72 246 198 212 182 44 185 155 74 61 101 240 101 
187 169 108 43 103 33 91 159 25 201 138 78 213 206 199 125 87 63 144 141 102 210 249 41 5 249 72 65 213 11 36 91 117 76 22 73 207 81 40 186 115 246 65 118 114 71 147 131 155 82 144 16 22 133 199 203 220 33 250 253 138 251 187 5 
172 19 49 247 103 174 106 186 220 126 228 66 167 57 133 241 23 122 189 234 192 242 105 195 188 102 16 167 157 123 64 49 35 164 33 155 220 44 220 118 2 225 3 180 195 20 94 209 53 225 82 215 128 25 58 31 89 227 246 80 232 12 172 174 
91 27 247 52 85 104 241 60 72 158 205 117 33 193 214 205 171 42 157 29 24 247 138 75 63 206 214 50 239 248 225 4 21 210 44 127 131 239 87 176 180 119 10 112 154 206 47 141 218 52 86 224 9 235 14 207 164 188 113 57 104 146 242 225 
46 21 187 215 116 20 136 87 220 141 44 169 228 44 237 177 89 37 209 125 202 1 196 18 172 10 28 6 148 93 143 22 155 230 21 254 212 45 49 134 167 150 79 105 14 182 36 39 139 246 195 52 77 130 137 232 80 199 121 54 20 226 85 177 
191 76 238 30 235 244 162 1 21 228 225 16 96 203 123 147 106 78 223 236 17 148 155 49 187 85 61 179 136 128 60 43 91 35 94 56 125 58 26 4 92 11 178 203 103 52 178 159 80 85 20 199 150 251 78 186 83 244 55 64 176 219 100 62 
222 107 226 207 116 191 19 244 8 206 47 109 92 26 237 217 125 95 152 70 228 242 178 49 165 22 233 3 80 66 8 194 215 56 43 249 241 107 235 126 239 57 252 36 182 74 120 114 25 18 22 65 215 181 233 90 141 148 103 98 158 68 204 192 
51 253 209 174 27 33 31 218 49 250 72 217 160 5 79 19 241 210 173 242 148 12 110 217 186 51 184 211 107 47 48 253 43 19 213 254 80 114 73 131 248 98 244 238 16 35 42 23 181 193 139 88 70 22 135 64 232 132 9 245 92 67 216 193 
129 15 6 5 166 112 191 143 218 51 249 160 194 195 194 209 109 112 222 30 112 19 181 34 11 150 222 43 94 76 140 31 220 208 170 199 75 220 116 119 245 9 161 197 226 71 160 55 237 168 102 96 157 107 197 3 22 131 26 246 39 116 123 232 
11 239 162 204 157 119 244 7 33 23 121 189 137 223 34 162 11 246 205 7 20 52 216 60 190 204 126 217 111 253 58 174 207 209 62 155 67 173 173 191 107 252 35 176 239 232 136 110 68 180 49 229 117 116 33 186 105 29 0 250 61 41 13 109 
152 30 13 252 105 225 197 85 158 238 82 128 122 209 64 45 170 102 107 248 88 105 11 65 250 197 32 67 108 20 225 185 84 234 104 32 254 27 70 38 152 252 49 149 235 214 174 185 77 148 136 115 200 5 146 248 223 183 12 77 61 186 31 43 
21 61 115 248 160 73 87 209 172 36 238 76 129 68 192 101 84 110 8 219 90 238 143 4 122 44 197 70 164 239 29 183 225 186 87 21 123 110 72 195 207 131 53 74 174 15 114 252 168 118 189 250 136 70 180 232 61 198 27 35 167 3 118 210 
214 65 244 151 229 99 169 221 83 89 72 242 60 116 31 107 73 243 135 103 48 89 116 122 182 108 28 197 117 78 253 133 231 30 78 51 228 252 188 155 109 39 138 64 146 236 79 179 162 228 26 82 96 36 160 17 197 22 224 245 5 123 25 188 
0 49 107 207 240 78 109 205 73 29 175 187 95 48 196 6 43 191 45 249 179 72 245 205 59 208 212 205 125 176 178 17 188 59 248 37 168 71 30 210 236 166 84 89 107 124 13 51 233 184 184 220 17 200 217 168 166 59 73 120 159 111 145 213 
132 133 213 135 54 123 133 233 31 70 62 252 197 123 76 181 76 73 142 140 236 61 5 135 147 187 21 222 111 227 80 18 57 189 231 39 176 181 91 127 38 141 3 212 162 104 16 152 109 192 140 203 110 73 100 32 236 164 249 176 105 217 182 60 
206 145 94 173 99 159 139 11 86 163 234 244 55 169 147 170 53 53 63 162 210 237 36 109 114 245 233 199 80 172 10 187 140 208 121 42 237 26 204 100 220 15 227 49 1 145 196 90 215 41 39 57 69 82 97 31 149 238 174 11 233 203 69 59 
203 10 67 57 237 93 133 46 157 234 147 205 178 71 140 69 208 60 1 108 230 12 82 16 29 122 50 12 12 230 195 158 127 178 206 139 68 189 129 171 140 162 205 69 135 162 98 93 246 218 248 145 183 177 92 215 249 251 105 162 52 144 223 116 
145 111 168 245 144 213 148 163 90 67 25 85 227 20 140 167 166 247 226 143 146 245 169 44 195 177 183 12 66 180 79 231 5 45 168 42 128 213 188 131 168 228 154 216 248 159 167 38 34 148 245 59 235 210 26 183 220 44 192 203 188 20 117 182 
122 83 21 122 248 72 74 35 14 104 195 217 45 128 165 16 177 81 196 35 86 162 12 246 80 254 220 19 75 70 130 80 95 222 84 208 225 153 207 88 176 202 121 133 139 58 133 133 68 194 22 245 253 191 96 60 21 227 234 0 20 137 172 96 
251 159 101 52 193 149 16 167 50 199 253 224 254 90 119 156 216 77 120 70 218 149 79 54 15 148 188 231 198 31 189 126 153 223 245 130 122 41 63 80 172 150 218 224 161 31 202 234 230 190 62 242 231 187 246 176 252 151 105 246 20 117 186 69 
157 169 181 53 95 23 64 232 132 121 254 186 201 79 185 86 7 114 163 242 6 125 194 66 24 65 181 96 198 92 94 23 60 115 199 219 227 117 43 94 198 97 233 33 38 129 131 122 163 188 238 182 231 243 253 196 42 40 226 88 82 135 42 198 
9 111 244 35 169 154 223 128 101 226 137 177 165 8 235 76 229 204 50 119 45 124 80 49 213 81 22 164 137 156 85 231 182 199 250 143 30 209 86 114 121 72 157 216 107 208 248 68 169 228 134 160 0 213 90 71 203 208 161 253 57 16 195 16 
178 238 24 196 132 129 250 168 96 237 85 93 9 233 166 222 177 9 239 144 101 136 192 159 57 151 107 254 111 137 99 50 92 230 57 133 6 25 211 201 230 60 110 225 68 127 78 19 96 250 48 145 147 0 210 251 165 191 176 100 55 25 146 116 
176 30 103 51 44 116 34 156 75 236 17 150 43 118 136 34 51 57 69 150 116 110 160 149 2 139 107 94 241 248 232 154 3 61 72 23 111 125 212 92 204 237 171 90 45 252 192 99 57 57 100 179 176 87 56 150 44 205 149 178 32 27 140 235 
42 10 112 162 156 72 254 24 143 146 137 137 128 200 195 223 216 54 13 92 231 244 63 22 38 153 6 236 212 62 99 178 68 193 67 242 95 240 142 243 149 91 239 198 24 59 5 246 13 184 29 221 237 184 64 205 191 208 178 228 22 88 217 45 
99 136 26 214 154 112 20 250 134 19 237 229 89 184 81 193 107 163 12 160 63 38 82 64 232 252 13 77 99 8 127 37 91 194 4 21 103 178 198 83 15 125 55 86 97 100 72 139 43 10 21 156 235 79 114 156 137 142 190 24 41 209 58 235 
238 151 79 46 98 162 24 132 135 222 179 50 154 148 59 13 106 137 14 165 68 41 58 155 121 207 132 110 221 108 80 133 39 76 32 231 159 249 2 145 61 20 147 197 84 166 79 173 126 226 51 88 120 130 192 18 246 88 101 240 137 91 139 52 
129 83 86 207 236 138 106 56 128 2 156 64 165 8 142 144 126 158 27 233 120 78 228 253 200 40 14 143 121 16 42 183 76 176 136 132 60 65 69 127 205 22 125 95 97 39 51 42 85 240 153 151 79 16 181 204 213 189 130 171 92 219 243 231 
219 17 189 123 217 42 184 93 67 32 89 61 204 20 104 32 21 163 210 248 45 42 206 150 239 96 117 82 136 236 149 130 109 182 75 13 203 47 14 191 45 60 208 31 102 12 65 169 75 72 194 236 252 186 75 22 15 94 125 64 177 26 36 90 
221 25 108 248 253 211 46 29 227 146 209 100 244 178 165 193 24 103 99 106 171 97 169 21 63 126 225 122 193 57 230 53 146 221 247 48 145 168 83 242 185 175 91 244 160 51 248 93 76 250 212 245 99 157 87 149 4 102 202 51 158 62 194 12 
55 125 215 160 135 196 214 197 190 166 135 83 86 21 177 233 67 103 35 238 143 134 154 240 232 54 151 69 34 112 118 120 38 202 155 64 251 243 178 11 149 214 19 167 183 121 173 87 195 67 7 6 211 163 167 46 137 28 4 249 238 96 112 136 
179 151 78 18 202 226 150 39 27 247 28 247 83 130 117 101 31 18 202 140 182 158 31 211 202 145 117 100 248 119 118 58 149 205 226 122 190 10 60 59 159 67 236 83 106 47 192 126 220 88 40 107 215 22 45 114 132 155 166 136 121 197 109 225 
177 27 235 253 171 147 69 23 114 239 244 41 252 218 101 217 24 37 75 115 207 70 18 161 222 177 113 25 135 104 233 55 142 144 221 92 145 254 94 130 129 63 79 19 226 169 134 36 240 226 74 85 18 212 209 62 36 40 241 125 28 181 101 204 
167 215 170 146 170 189 233 19 204 228 254 210 173 46 178 111 52 180 200 244 14 241 73 29 193 186 80 238 73 118 188 45 225 219 93 43 132 143 237 103 103 123 42 59 155 106 191 179 138 136 138 92 190 34 235 114 63 163 225 228 204 239 208 95 
96 139 18 141 6 93 18 120 79 84 151 204 72 8 22 141 235 196 180 150 254 84 223 55 100 210 237 146 219 245 246 157 2 131 116 10 250 73 84 189 211 216 39 193 244 119 186 141 143 160 123 163 212 33 207 71 210 163 77 174 207 199 1 231 
191 94 139 233 13 196 211 110 85 192 12 75 21 66 195 71 164 147 4 206 117 95 145 113 83 74 43 83 130 5 25 70 165 233 155 61 72 218 214 27 144 219 130 62 223 194 19 244 137 131 42 38 73 220 3 73 22 167 34 171 143 217 191 112 
185 125 78 172 133 247 96 95 188 177 69 113 189 141 118 217 198 243 135 211 32 106 194 104 162 98 122 52 202 209 15 34 129 52 111 7 104 120 4 105 195 53 126 12 169 192 14 171 12 0 204 23 111 7 145 239 190 106 68 68 145 223 33 85 
97 82 114 85 182 36 70 30 67 204 130 4 240 12 158 83 241 81 104 26 186 240 32 251 126 176 142 48 86 130 71 159 45 9 144 167 86 111 190 147 166 112 120 13 237 147 29 31 188 102 133 109 128 194 122 214 214 91 134 185 11 172 221 5 
146 221 164 106 18 187 198 35 144 24 203 59 155 19 179 213 220 208 192 99 94 124 99 153 81 36 36 140 189 61 107 100 36 126 40 246 139 74 103 87 86 67 28 142 35 218 121 192 252 193 79 6 179 156 75 148 62 52 74 20 26 66 99 90 
76 174 114 40 124 181 210 110 85 82 105 182 70 9 161 2 197 147 206 120 116 161 55 161 146 173 113 214 151 75 54 191 96 164 135 42 22 33 166 55 73 119 187 69 68 163 226 121 47 161 6 107 134 28 75 182 191 44 189 45 150 135 248 26 
23 254 188 208 187 102 40 8 16 245 144 140 149 101 85 111 141 151 211 0 73 167 55 111 179 254 175 254 158 232 232 51 159 172 228 42 211 129 218 136 97 124 193 244 39 247 2 63 161 144 14 62 160 120 210 210 211 205 178 90 14 34 1 16 
154 234 75 151 124 247 8 29 115 80 169 126 104 81 240 91 111 181 11 244 188 74 148 7 169 248 76 19 116 163 228 161 188 178 65 26 204 252 159 163 159 143 200 52 98 13 100 199 147 162 159 182 80 105 187 73 120 235 165 182 84 235 231 202 
73 199 120 177 254 13 147 71 230 68 44 205 147 227 148 233 217 202 67 57 19 28 215 214 24 168 54 147 141 230 226 28 55 169 105 237 170 81 252 181 124 142 204 200 95 149 154 91 93 41 45 80 46 31 120 19 44 186 206 139 187 13 38 115 
53 165 136 133 94 116 201 101 173 163 47 168 190 130 210 8 99 112 21 82 106 139 70 35 32 113 194 247 177 161 68 72 207 94 18 47 85 183 173 178 213 96 3 47 6 172 249 207 187 1 107 15 95 80 63 65 13 125 104 223 107 173 104 212 
124 223 20 246 254 8 156 160 167 48 3 65 232 101 187 244 101 100 61 185 202 7 96 16 77 81 67 190 35 143 144 118 69 169 155 86 172 202 139 225 7 8 77 58 15 234 250 20 51 136 0 226 247 239 103 149 145 229 6 28 211 83 212 108 
215 216 156 210 144 169 51 139 55 183 128 250 122 46 140 224 178 135 24 216 212 62 138 70 27 70 48 175 230 29 137 196 55 50 118 205 94 24 156 143 154 203 208 87 234 141 179 235 25 170 67 47 127 4 207 51 233 128 148 218 71 214 245 173 
79 213 189 228 63 218 58 97 68 204 100 68 18 46 128 180 239 253 54 25 152 4 202 62 38 210 114 49 38 242 98 240 41 216 29 138 229 71 186 224 31 134 166 110 84 80 124 63 63 151 44 115 11 19 126 127 243 206 245 206 41 248 188 218 
6 248 251 33 251 252 236 105 225 173 219 130 211 195 61 245 137 116 153 32 134 216 45 167 120 165 210 196 58 154 148 67 27 195 57 210 36 101 98 60 154 147 54 103 0 83 174 145 181 143 90 143 5 56 200 23 91 249 61 78 206 28 169 5 
44 84 181 240 226 37 34 116 13 56 37 38 115 86 97 75 207 253 136 161 252 132 73 114 239 90 133 160 77 69 217 154 79 131 228 146 149 83 150 227 30 222 38 201 225 48 252 149 56 215 191 171 16 220 173 230 215 175 140 0 233 28 149 165 
141 171 55 39 73 161 14 124 152 139 212 223 72 251 55 32 170 23 143 217 126 97 223 115 210 229 89 236 32 181 192 26 41 225 9 224 48 78 117 29 124 139 243 127 167 166 247 225 50 203 226 187 133 133 195 225 133 10 17 32 37 68 149 217 
194 71 230 8 101 139 159 233 41 74 188 237 146 51 126 233 242 197 15 34 132 60 164 180 241 21 5 151 117 68 231 113 167 198 222 157 92 157 217 136 150 74 38 187 186 109 174 193 104 13 208 42 24 197 208 93 95 176 162 240 218 229 1 67 
253 112 27 250 25 8 117 110 222 234 238 147 83 198 224 12 235 218 125 35 236 214 152 85 251 180 140 214 145 12 204 208 15 65 20 45 16 92 45 139 219 63 161 244 245 161 101 176 190 87 158 24 149 216 118 5 98 11 125 191 227 20 157 126 
127 137 7 89 217 34 251 136 150 194 97 166 208 201 123 89 214 87 60 52 142 142 23 149 228 216 90 60 227 44 201 109 31 55 133 216 132 226 77 227 79 21 161 143 237 85 126 104 38 236 151 76 74 206 13 123 189 144 157 20 150 244 96 198 
35 73 203 218 62 70 38 34 203 27 54 72 174 56 16 191 176 231 17 201 107 29 237 128 117 63 96 117 75 48 44 50 123 38 167 201 22 215 27 89 70 37 201 25 228 189 112 150 155 174 129 49 3 98 13 133 59 198 193 118 213 188 88 170 
144 146 172 38 163 93 203 211 34 115 160 173 172 54 84 6 132 138 190 15 129 123 167 178 116 86 110 34 251 154 228 138 35 19 126 173 184 86 162 139 59 200 216 48 84 134 235 52 215 70 11 254 43 236 171 111 179 79 131 219 73 197 180 110 
10 108 221 124 251 8 33 193 132 216 228 158 136 239 225 50 232 76 189 155 60 232 238 195 114 225 22 78 9 12 233 81 150 16 73 112 21 187 231 228 185 68 132 6 153 188 147 118 145 128 78 131 19 122 6 252 171 33 20 48 179 69 232 4 
92 32 114 139 53 123 84 29 104 234 2 251 247 26 64 141 143 47 23 203 9 10 9 74 183 193 65 17 2 5 161 216 148 231 56 154 64 17 209 38 252 214 229 252 201 224 99 228 232 179 254 6 207 122 120 8 143 91 28 1 104 164 120 171 
240 108 115 215 67 248 69 71 182 242 243 124 70 139 152 76 136 168 216 51 133 173 5 141 77 211 86 66 194 210 3 27 252 102 84 208 150 153 50 30 27 99 23 110 25 21 167 142 236 90 174 78 189 149 14 49 19 190 54 73 97 119 89 43 
251 226 139 206 202 111 229 140 75 36 155 245 149 6 134 74 15 193 53 56 83 50 242 194 172 124 138 85 79 24 197 6 77 68 129 244 185 251 115 115 222 69 221 13 236 237 31 90 72 191 185 74 161 158 24 62 38 191 140 85 243 22 125 176 
76 99 91 114 107 48 44 11 26 120 190 213 185 140 125 122 135 93 53 195 137 134 78 252 9 77 204 216 229 237 63 225 64 168 150 222 159 14 98 24 181 180 140 228 136 95 187 129 128 83 80 215 233 169 93 147 152 57 148 87 168 78 121 71 
60 47 230 41 166 206 53 46 116 174 178 177 183 232 225 95 25 19 149 158 74 77 124 53 185 70 210 136 150 49 84 104 146 94 42 189 217 63 28 89 203 220 105 129 90 80 125 31 101 23 152 166 18 59 108 198 207 202 112 136 175 195 201 124 
63 37 41 44 111 154 253 208 104 100 156 121 99 71 177 55 94 181 63 226 108 163 244 238 201 62 196 16 149 100 20 102 221 147 105 150 101 164 17 144 56 2 82 171 231 195 117 227 23 55 130 191 166 30 18 218 165 195 228 122 245 94 185 20 
149 157 69 22 204 59 187 125 76 217 215 74 154 247 214 192 67 114 220 20 83 128 253 1 34 101 142 95 25 61 105 14 153 198 158 228 168 167 186 241 210 210 227 208 97 172 98 114 44 178 38 175 96 214 104 23 227 192 249 250 94 104 108 105 
151 226 84 13 171 107 215 80 90 74 251 94 168 78 19 154 123 20 25 213 226 185 18 2 83 110 69 167 226 73 119 99 61 207 206 209 140 202 219 127 44 87 215 254 75 95 110 201 122 179 210 200 107 54 13 1 96 91 187 164 146 66 5 233 
169 68 216 26 63 82 13 114 249 232 128 36 63 31 147 200 26 95 115 193 10 165 101 78 133 210 61 244 100 177 143 70 252 139 127 28 183 154 115 21 27 118 244 15 204 153 15 93 126 0 54 135 74 141 241 117 54 3 12 133 254 59 228 52 
74 219 207 13 150 4 33 194 34 129 1 236 149 97 150 93 199 27 56 94 121 101 132 172 1 53 173 106 136 167 69 32 172 32 145 142 229 54 194 32 247 46 37 224 30 57 6 203 101 7 165 160 210 126 206 92 39 241 46 232 227 9 159 206 
192 90 222 148 186 23 187 140 219 52 36 64 40 107 199 185 158 174 159 53 118 61 27 31 221 104 132 23 19 235 38 173 61 236 68 33 99 252 250 229 230 217 170 63 21 134 253 50 49 22 134 161 211 245 57 5 16 190 85 69 139 93 117 11 
111 138 42 228 0 226 104 238 105 209 158 205 147 210 33 112 30 97 253 134 202 34 80 67 72 152 79 122 43 240 19 114 93 12 216 185 167 85 7 127 86 160 120 227 86 167 202 29 6 166 213 53 84 182 82 32 141 151 108 194 163 32 131 124 
67 101 63 137 111 219 44 92 134 219 216 1 149 113 133 79 195 189 164 166 84 84 84 221 119 11 202 18 1 168 53 60 185 4 207 7 13 31 116 222 10 2 30 152 31 171 197 160 11 85 84 18 247 146 26 209 48 149 235 106 174 68 131 25 
63 77 169 85 204 140 66 55 205 159 179 51 168 123 229 0 70 147 86 235 188 43 120 131 174 134 140 32 145 100 19 85 93 10 205 128 44 55 130 8 211 9 228 123 54 63 78 14 121 110 205 120 129 61 103 241 91 46 91 105 30 63 57 114 
180 231 36 235 195 178 119 23 189 242 236 253 194 68 152 203 104 151 96 202 70 115 119 97 239 216 83 124 15 101 203 205 47 112 148 133 213 170 202 91 104 17 130 218 121 116 106 66 61 32 126 92 239 61 242 219 194 205 235 130 6 164 243 147 
12 148 102 245 175 249 35 162 91 22 166 41 178 159 193 130 116 166 211 138 62 241 90 37 198 247 240 21 98 125 105 107 148 172 175 24 171 251 137 10 77 59 108 194 8 60 129 159 196 204 163 173 195 2 145 110 131 138 180 20 113 87 55 125 
181 11 152 106 136 88 68 24 116 169 8 71 32 89 229 253 83 166 222 27 18 139 242 2 50 207 91 4 86 86 220 49 48 131 41 66 219 144 141 38 114 114 78 146 22 108 192 33 224 124 156 186 99 145 131 33 224 122 145 68 90 229 4 195 
188 142 100 129 231 134 187 104 8 212 131 219 36 94 152 70 66 132 71 139 127 3 139 224 50 158 211 78 220 222 143 17 193 80 115 140 122 61 191 78 100 36 156 75 213 243 148 139 210 236 184 58 151 229 228 187 160 41 30 75 63 123 60 198 
119 202 35 62 184 157 36 247 68 250 191 57 14 116 200 213 47 92 128 162 99 96 156 158 240 1 182 184 111 75 156 180 166 111 230 33 248 239 79 5 32 5 203 105 9 169 74 71 113 69 30 109 175 215 71 46 137 43 212 92 218 129 42 147 
81 207 179 160 124 211 82 0 48 29 149 105 60 158 48 252 45 52 228 144 176 242 56 254 147 147 234 73 26 193 168 105 246 69 225 136 67 123 123 27 133 129 167 234 44 59 206 79 112 100 82 235 70 53 94 141 247 214 74 51 117 75 169 219 
191 165 101 242 56 213 236 15 236 215 59 70 156 152 101 230 138 96 16 202 0 117 136 44 160 184 106 216 162 30 88 173 201 236 138 9 248 132 126 68 109 75 63 240 195 186 140 202 203 214 100 4 28 116 212 39 33 21 136 184 95 121 235 25 
211 135 139 54 122 192 165 168 22 123 5 168 201 121 138 66 15 6 85 253 63 205 119 100 18 0 239 87 70 221 100 224 18 251 174 37 196 137 155 69 220 131 4 131 206 210 108 60 200 96 53 199 163 135 192 187 233 220 16 213 2 101 98 192 
225 191 176 53 137 66 23 6 205 209 203 61 70 112 148 253 77 58 222 38 135 119 108 193 122 42 70 30 171 32 85 10 158 237 71 184 88 19 68 67 86 145 248 111 79 145 242 217 166 55 97 45 24 207 179 212 104 65 241 213 155 65 192 38 
219 171 203 170 2 219 165 164 73 22 131 126 106 49 241 245 12 194 218 89 19 60 210 124 231 163 21 158 25 209 244 200 178 46 180 37 45 216 252 89 29 229 63 35 126 36 62 232 125 161 26 221 19 125 183 111 56 173 160 127 123 179 180 247 
68 51 235 112 60 136 228 30 146 248 190 140 232 11 31 20 42 33 205 35 114 108 238 182 125 88 81 114 248 11 34 104 206 223 119 161 128 111 238 157 61 36 237 167 62 117 178 180 85 254 153 157 122 140 232 252 138 3 23 39 100 203 219 156 
210 165 247 93 131 64 131 69 147 179 74 125 20 182 38 113 58 2 227 59 74 86 179 239 59 220 209 127 222 189 70 38 129 163 98 58 5 208 235 119 223 30 196 167 216 79 163 70 224 225 121 99 186 50 19 193 19 214 167 22 129 168 20 216 
41 134 47 215 1 12 158 178 209 173 82 108 110 73 169 226 72 150 242 144 51 85 181 221 235 250 105 217 142 211 36 169 73 186 51 234 254 43 150 215 108 238 63 188 54 68 37 147 24 215 44 69 164 69 211 65 95 86 162 236 13 20 252 34 
153 163 224 5 231 242 102 242 155 12 184 224 216 123 113 23 170 127 9 143 107 186 113 17 43 194 50 254 235 45 13 129 68 34 60 202 163 44 219 35 164 111 34 129 132 243 151 7 38 33 68 106 220 170 132 202 226 200 153 129 140 74 16 98 
136 34 184 104 69 165 214 241 52 214 139 224 102 38 126 171 226 128 7 173 57 40 66 190 148 215 74 207 218 191 60 38 155 242 192 249 247 118 182 232 90 38 132 243 28 213 76 100 231 58 26 222 73 246 75 24 180 38 173 42 66 109 141 204 
235 171 49 164 121 66 128 127 19 182 144 165 90 92 193 114 47 214 210 141 228 243 1 54 15 89 46 47 190 223 90 33 158 91 120 176 89 191 13 69 195 215 236 251 16 169 199 221 133 0 23 13 157 170 190 145 106 86 117 163 61 24 137 210 
244 190 37 83 197 192 128 120 75 215 127 235 61 172 240 70 49 47 174 69 215 194 182 113 61 232 50 184 157 155 20 84 109 195 41 110 157 1 183 203 245 57 152 138 75 126 173 59 173 116 25 82 133 151 52 173 152 132 13 159 8 21 28 185 
74 151 250 11 136 116 142 148 22 236 212 104 148 242 250 140 56 186 182 70 210 176 124 194 16 219 34 29 92 203 91 84 207 130 108 200 221 213 27 44 120 66 93 91 101 225 191 38 108 166 252 54 113 91 163 112 114 29 186 109 250 45 167 77 
111 197 114 126 140 187 176 197 247 208 192 91 60 223 31 83 47 233 115 101 83 165 239 41 236 125 120 31 36 42 196 251 165 198 11 217 211 237 238 229 248 160 173 220 254 170 134 156 43 57 67 194 134 1 55 16 134 103 196 198 47 159 208 59 
69 79 28 178 126 64 10 205 1 71 65 65 225 139 34 10 33 56 143 127 6 66 205 192 2 125 188 170 94 158 131 4 121 137 251 81 228 41 160 32 169 71 187 177 211 99 22 121 196 4 217 249 38 195 237 49 157 189 84 188 8 53 129 126 
46 140 97 106 0 100 79 220 61 224 205 166 150 181 32 223 234 46 53 192 109 240 174 208 179 121 252 148 87 31 133 209 180 180 134 157 63 78 206 38 47 163 189 78 219 216 243 160 198 223 130 109 156 234 236 202 184 106 131 185 232 242 156 121 
78 134 53 153 225 200 210 222 179 121 176 156 142 163 8 195 253 108 127 15 148 22 89 0 39 162 233 237 126 180 53 84 111 90 0 194 37 224 110 0 187 107 204 66 26 68 154 80 196 134 217 244 110 74 97 38 50 27 7 185 6 109 201 47 
111 145 103 11 111 244 61 224 141 94 247 72 113 21 43 252 208 105 149 9 241 222 196 36 247 144 147 9 68 158 84 144 101 153 171 194 204 158 142 38 67 17 240 151 0 150 162 8 88 158 125 132 66 228 13 130 117 133 254 135 206 192 98 11 
1 244 142 29 106 30 88 32 224 13 137 154 92 230 118 104 101 193 96 54 97 178 169 176 252 158 192 10 31 25 246 64 5 149 58 47 102 141 49 222 212 86 187 87 118 229 1 28 183 219 215 165 111 41 240 206 101 21 93 50 6 159 254 103 
61 57 155 160 156 143 5 45 17 21 213 157 242 204 198 217 245 179 98 199 65 66 194 76 65 3 239 168 169 57 36 25 162 24 229 215 192 64 215 186 140 249 16 170 10 121 118 220 115 199 3 140 169 213 21 145 212 77 111 17 235 135 165 145 
235 152 6 89 136 177 200 183 218 29 44 234 152 171 92 18 63 175 175 129 171 54 159 252 137 109 236 10 223 253 19 178 80 205 57 155 141 35 155 161 174 17 5 161 173 116 139 101 76 40 80 204 77 115 112 231 167 194 143 242 20 26 147 137 
65 136 157 25 198 55 131 118 246 0 44 189 204 23 116 100 102 16 3 63 90 128 162 125 8 215 17 57 132 228 7 138 72 163 228 81 194 248 117 154 91 112 233 16 169 32 59 138 52 4 243 54 203 247 119 36 17 175 108 231 80 137 50 83 
226 235 121 3 239 91 61 47 224 147 90 39 159 108 120 104 12 240 121 158 25 75 24 170 40 239 27 68 157 187 205 167 4 68 73 93 37 245 25 23 99 69 230 148 29 221 55 228 95 72 198 69 53 8 188 144 112 177 118 41 68 50 28 107 
138 221 135 102 186 81 151 226 188 135 214 92 202 141 91 98 109 163 99 194 107 11 241 20 125 156 173 243 154 248 220 223 108 182 13 92 103 110 123 245 193 65 195 60 42 170 204 126 138 143 50 188 236 82 70 81 209 39 230 168 149 76 206 219 
71 163 183 194 168 203 226 145 99 230 169 47 107 67 135 182 182 196 195 61 194 45 158 176 84 45 103 172 138 201 140 193 173 160 98 244 239 183 114 21 177 113 202 65 191 81 233 33 73 134 182 95 234 21 106 99 139 33 240 184 186 61 119 116 
94 53 211 96 93 158 74 167 0 60 187 29 91 46 118 13 102 242 224 148 92 101 2 172 217 29 32 97 135 174 250 15 43 153 96 194 62 28 245 17 99 46 71 113 252 53 196 64 9 117 14 64 49 182 98 188 121 4 136 87 111 17 97 23 
210 109 230 148 21 143 169 5 219 82 232 133 35 106 107 139 220 39 126 233 63 159 19 89 243 5 198 182 49 191 130 235 12 51 10 235 237 242 1 151 211 45 47 176 190 187 158 137 167 94 251 193 211 15 110 144 225 60 83 154 61 137 129 56 
129 218 207 28 54 54 252 164 196 20 50 248 156 75 191 49 132 162 54 193 215 19 143 193 39 32 213 54 202 150 93 158 244 18 233 69 221 88 146 227 63 50 101 153 70 218 168 143 174 76 45 162 163 188 162 45 110 28 171 57 181 85 162 105 
102 40 113 157 132 10 240 232 143 146 17 45 33 52 223 86 155 14 106 231 50 234 218 215 168 245 115 49 131 74 94 243 85 173 77 46 237 134 83 215 63 224 25 194 127 193 12 21 43 177 194 192 1 47 78 252 202 86 210 57 58 224 56 21 
2 46 1 72 249 131 22 1 194 35 109 145 233 21 218 70 33 171 227 252 90 157 114 200 13 165 176 178 79 154 208 70 90 171 44 116 109 75 207 178 250 50 205 160 107 41 143 126 175 113 120 99 66 61 4 170 103 16 187 54 241 76 195 206 
213 161 117 143 184 236 175 242 93 36 174 2 131 136 29 126 218 41 134 145 84 88 138 107 149 209 219 159 106 173 115 34 4 95 34 233 22 34 95 108 126 1 122 8 40 186 89 218 99 134 237 187 66 237 199 93 82 40 113 78 214 126 234 76 
139 92 151 14 157 66 168 70 183 220 109 148 103 13 192 138 6 155 165 123 188 142 71 79 30 162 2 116 249 119 153 11 85 231 142 15 180 106 36 172 49 192 208 210 153 33 87 144 199 198 11 248 12 207 210 28 185 3 42 46 104 88 30 246 
50 82 46 0 119 59 35 72 14 254 204 22 181 224 9 129 155 20 254 47 130 46 18 243 46 123 137 153 75 61 103 220 165 239 214 102 111 193 170 227 111 76 32 160 177 176 193 46 138 73 10 251 41 2 1 205 137 141 234 58 250 12 232 34 
39 26 211 102 89 246 40 251 40 202 103 18 140 2 112 163 61 83 82 208 67 232 26 19 164 58 234 96 180 184 169 215 23 5 194 94 37 246 46 6 60 216 211 185 88 51 196 210 4 108 27 51 11 199 215 95 165 211 215 217 168 13 94 96 
149 154 223 194 144 190 122 28 27 207 103 15 126 68 227 146 64 158 149 86 72 171 102 148 6 39 15 161 152 218 93 62 162 30 0 100 119 41 248 224 155 135 31 148 116 87 196 62 80 252 178 140 154 87 49 120 79 188 157 225 222 164 40 118 
149 94 248 121 57 240 11 199 179 204 52 91 48 144 20 181 87 187 207 77 36 168 150 159 106 251 203 243 253 178 195 157 83 50 57 18 103 247 225 21 3 23 56 116 146 56 62 123 12 125 231 16 98 44 131 232 157 224 253 163 20 166 175 115 
242 251 68 77 113 136 133 200 251 181 205 2 137 65 111 48 221 128 142 68 235 135 52 201 146 16 121 135 219 238 37 50 142 122 224 122 36 97 244 51 247 55 64 177 174 140 81 174 41 5 130 150 90 144 78 164 159 6 121 143 19 69 115 99 
13 37 51 252 171 66 129 0 224 81 56 94 22 27 178 3 61 138 254 210 151 58 177 107 11 160 179 36 239 130 171 236 15 205 6 27 228 183 47 237 193 121 198 151 158 113 231 131 112 76 162 157 215 182 29 223 23 187 30 135 238 133 232 162 
91 213 246 9 169 233 216 237 118 254 22 78 118 109 161 197 129 150 32 188 250 103 3 140 131 57 50 63 195 105 98 148 112 34 218 233 117 181 95 248 61 97 235 105 150 211 116 53 148 82 128 64 148 126 184 218 91 143 108 197 17 81 23 214 
14 36 8 138 136 188 22 84 100 149 212 3 123 73 216 133 119 245 162 58 98 123 212 117 185 66 70 187 204 136 209 144 103 37 207 135 86 189 175 126 90 152 33 133 82 1 93 67 117 159 220 207 97 79 233 182 212 107 107 106 234 46 184 128 
208 166 223 183 251 115 3 12 228 101 6 120 96 223 201 194 2 161 88 97 211 220 105 228 134 165 242 192 44 184 187 72 145 125 86 134 1 43 60 56 171 63 147 168 225 206 0 180 240 46 4 8 236 159 103 128 153 14 76 162 68 140 142 176 
174 10 62 0 30 235 224 223 240 93 79 131 160 127 199 140 252 117 208 169 227 53 139 92 144 29 44 181 16 99 252 45 100 169 188 96 78 79 216 42 159 225 166 205 9 104 85 15 99 236 118 101 178 137 92 201 177 36 58 248 174 193 78 95 
143 62 161 75 103 109 51 33 3 72 254 136 111 172 194 60 74 127 13 146 184 101 50 16 148 25 175 223 175 74 6 217 198 122 177 132 122 2 245 121 87 133 160 54 209 59 186 217 191 233 173 30 8 152 19 239 237 132 67 58 21 149 172 93 
226 188 79 217 63 20 52 72 128 177 64 76 212 223 155 86 126 124 218 111 159 20 46 252 91 201 0 153 243 234 250 91 189 178 221 5 71 227 158 102 30 92 102 135 48 2 208 82 203 19 132 184 197 29 190 122 238 135 229 132 232 124 11 236 
89 130 133 194 181 87 229 67 190 231 236 102 223 224 25 3 36 105 200 72 208 97 14 147 192 78 128 45 173 2 111 148 64 198 170 100 195 45 23 101 249 23 225 16 198 112 137 54 246 34 68 193 24 179 227 153 58 0 187 239 120 99 200 242 
204 17 76 144 207 47 67 218 37 27 0 86 5 193 126 175 176 184 188 226 72 173 143 15 230 120 51 84 1 175 70 194 170 54 153 6 45 41 164 86 106 216 134 44 213 128 197 173 89 154 194 36 231 100 224 75 0 218 68 218 216 46 169 78 
64 39 100 132 5 224 145 61 125 36 45 52 18 253 188 68 131 172 177 236 191 146 61 96 129 184 144 205 219 59 172 163 80 15 75 62 118 208 106 97 55 196 242 195 191 219 159 92 201 248 176 158 233 220 27 153 244 208 206 85 122 192 235 203 
4 7 209 114 204 100 83 167 78 97 143 3 71 50 79 139 27 73 7 60 206 240 166 66 198 170 132 26 155 117 183 184 46 7 153 129 234 123 107 231 109 53 181 244 50 104 76 141 155 110 250 220 72 87 67 125 84 73 11 40 215 185 236 59 
119 233 20 62 213 105 211 44 236 185 254 40 18 249 41 163 86 108 123 61 39 155 57 105 253 59 137 87 204 191 37 45 188 186 216 173 113 61 45 40 239 10 172 206 111 245 38 254 119 81 217 168 112 23 193 90 121 201 173 131 72 71 252 163 
103 138 109 126 90 6 99 29 26 65 5 120 100 235 207 162 227 127 200 115 110 43 187 214 40 118 226 61 139 173 50 89 99 14 54 254 116 93 248 236 176 25 143 57 181 137 202 79 84 25 242 202 0 9 64 41 164 27 192 75 107 18 202 153 
25 209 85 187 148 246 28 23 206 120 109 110 41 52 16 211 75 86 210 35 188 240 227 195 88 105 123 178 129 72 157 233 9 166 184 31 98 108 58 234 8 69 141 245 199 200 105 136 20 12 32 118 207 131 209 45 209 121 13 251 189 93 108 178 
98 41 139 200 209 15 92 37 32 46 251 125 100 85 82 16 24 25 3 25 54 128 148 186 152 57 220 13 11 244 71 163 70 10 224 206 86 252 133 57 41 44 145 196 147 4 31 81 63 254 216 105 34 163 188 93 190 116 165 186 74 176 21 155 
246 100 63 199 168 56 212 15 194 131 60 1 99 121 13 188 36 99 193 15 75 98 51 63 252 190 79 109 240 116 102 199 61 95 227 185 213 125 178 105 183 121 39 37 128 228 133 56 216 192 59 156 234 81 228 228 131 231 19 126 116 50 93 203 
64 210 103 73 76 32 185 191 185 11 250 212 29 251 96 232 125 121 139 54 148 102 34 166 210 218 143 177 208 14 236 26 4 71 146 224 61 169 167 65 2 88 253 185 79 57 207 28 225 28 175 159 195 223 209 59 211 145 160 218 238 22 47 90 
102 106 41 133 0 250 22 76 18 141 82 4 35 121 199 138 122 22 165 215 202 143 218 5 236 219 47 157 150 75 132 3 61 96 80 46 62 44 48 144 82 5 139 75 41 221 148 63 106 0 51 13 238 198 221 243 91 208 67 233 72 55 213 244 
112 149 111 67 171 116 56 32 83 104 100 155 61 146 109 218 88 233 125 164 231 36 167 187 16 136 13 135 32 96 37 215 68 95 183 162 133 79 132 174 107 1 80 232 196 205 50 241 85 66 58 32 138 135 248 16 64 253 43 217 30 197 172 241 
136 163 150 78 21 172 202 67 253 19 40 33 36 68 165 210 145 45 23 19 223 98 250 49 6 199 241 188 125 176 93 62 7 80 89 30 3 87 233 146 24 225 56 48 48 200 212 94 42 136 63 239 219 46 23 138 58 227 233 149 106 30 105 134 
217 213 186 156 172 231 253 72 182 189 97 161 214 103 253 201 61 85 168 108 132 73 236 27 75 236 204 120 79 113 40 177 243 242 153 91 71 119 243 6 102 67 34 172 185 166 155 117 149 78 229 192 186 237 55 113 217 89 191 142 119 62 11 156 
25 137 167 9 7 210 97 74 138 23 50 230 17 200 245 46 33 106 82 242 244 17 77 241 214 33 137 128 202 106 233 166 138 58 177 240 142 239 102 6 124 92 128 218 243 185 218 125 127 8 63 1 153 225 12 45 95 251 134 44 106 213 100 196 
161 140 105 55 236 107 76 36 85 41 204 73 106 103 84 104 216 0 244 35 69 47 100 4 147 238 148 221 87 223 19 80 20 230 204 11 222 63 51 185 14 173 29 203 229 97 136 189 201 107 184 218 186 108 73 219 60 9 191 81 252 123 207 207 
185 134 254 141 150 8 118 172 73 222 75 161 134 80 27 209 31 72 169 161 183 148 201 160 100 230 235 185 79 18 88 135 111 74 75 177 210 127 162 4 245 212 251 101 202 182 185 75 164 84 29 108 119 185 136 213 52 90 186 139 67 129 119 254 
119 6 158 84 122 3 165 39 22 165 31 95 118 24 158 214 188 73 214 191 23 240 219 112 215 110 102 87 223 99 19 203 7 158 29 191 123 89 14 74 230 126 224 203 127 83 205 118 144 75 190 162 170 221 83 76 149 252 102 219 162 235 66 217 
63 50 177 248 64 123 128 203 170 46 38 184 167 247 58 175 140 182 236 160 52 168 92 223 245 169 131 46 10 154 189 236 225 11 69 108 224 158 195 63 200 119 240 91 13 64 175 215 240 41 189 169 194 146 80 139 157 235 53 159 100 125 227 38 
104 152 94 103 93 195 253 233 159 206 92 251 130 12 163 190 172 99 54 128 130 103 166 50 175 127 110 40 71 70 18 201 215 59 246 121 44 4 9 228 168 223 244 211 75 130 63 250 205 225 113 8 231 27 8 220 112 231 176 160 219 241 139 122 
124 20 180 15 191 229 122 184 191 4 50 136 33 46 225 14 67 89 87 30 84 70 138 180 103 77 150 120 63 195 195 187 95 33 213 7 104 116 187 33 210 123 65 22 170 69 210 175 168 99 235 213 205 193 207 4 189 119 29 187 65 81 44 112 
32 227 131 250 168 78 100 189 39 149 125 217 41 236 230 108 107 16 93 63 183 40 70 12 39 165 105 150 52 224 225 150 8 83 213 254 104 11 18 121 9 163 51 8 32 37 96 240 120 162 39 143 28 120 212 99 126 121 74 171 157 222 108 0 
140 85 195 150 29 142 17 84 17 213 13 65 62 174 188 40 191 64 123 214 241 30 160 166 108 195 52 221 123 30 79 206 2 135 58 162 202 44 252 232 87 219 86 25 171 31 62 121 68 188 68 18 124 24 67 57 77 100 252 247 92 50 53 109 
187 15 40 134 127 74 174 85 57 2 93 53 36 105 224 237 3 220 225 80 157 128 30 78 18 15 21 67 31 150 230 66 220 51 177 61 31 190 42 91 139 254 45 98 124 25 141 104 96 189 125 47 72 191 145 133 106 30 121 249 121 105 95 100 
