95 11 10 188 139 177 98 135 110 120 39 28 53 61 187 171 
198 25 58 6 96 148 59 197 82 33 114 145 112 16 143 63 
168 27 133 109 29 129 74 157 143 169 161 72 62 67 160 43 
98 28 61 141 38 41 153 26 119 89 171 193 156 190 31 85 
169 37 58 195 50 9 26 174 146 79 31 81 97 122 78 96 
0 79 178 28 153 170 103 150 17 11 47 78 98 105 65 76 
85 44 192 176 137 138 65 7 0 141 183 193 27 73 168 94 
143 179 37 60 195 79 174 194 172 171 78 109 123 78 182 125 
135 139 98 14 105 60 196 36 0 47 69 58 129 97 149 8 
89 0 193 93 177 53 180 19 61 195 16 37 1 29 43 154 
152 170 57 56 149 80 56 96 131 125 61 26 145 54 93 72 
100 5 21 31 99 103 92 171 166 23 0 150 119 83 123 90 
43 185 183 19 41 180 74 56 142 98 147 162 158 156 105 0 
88 137 62 62 28 148 150 120 142 128 7 35 89 83 84 20 
50 160 171 166 68 149 153 110 176 181 27 148 39 115 45 104 
86 16 90 179 138 121 31 131 113 103 145 70 8 164 103 39 
