116 124 78 50 82 46 47 36 6 28 197 206 195 228 222 95 171 144 214 235 167 81 67 45 162 184 98 25 249 205 29 83 
134 28 50 208 32 85 170 57 158 237 226 120 146 55 102 167 111 196 233 121 83 206 152 62 21 222 139 67 159 87 192 226 
63 183 152 171 77 34 79 156 197 61 24 190 49 73 186 196 218 176 60 121 174 117 120 69 213 139 74 28 128 53 44 251 
172 162 1 155 74 67 247 159 40 200 217 88 64 16 132 88 23 82 23 175 43 30 79 9 140 31 93 238 142 84 104 12 
148 26 207 50 0 104 205 91 29 159 146 152 173 204 115 233 253 201 219 43 37 76 114 169 160 203 73 71 175 121 118 107 
97 65 10 26 12 242 241 230 39 225 7 210 111 247 207 164 162 91 186 215 108 140 7 196 115 205 142 72 99 196 132 191 
140 152 41 200 203 229 77 225 149 116 126 143 194 214 231 85 74 86 94 194 130 227 116 198 34 12 126 163 85 207 201 134 
65 194 213 200 131 84 91 127 23 232 249 188 181 125 30 105 236 36 79 206 88 174 168 168 156 60 1 118 6 138 114 237 
128 205 165 205 84 13 153 99 253 95 52 25 46 2 215 149 41 185 210 164 172 16 240 90 61 110 120 60 225 45 74 76 
1 193 71 96 66 76 116 134 227 28 35 178 187 36 147 143 64 57 128 9 243 68 161 146 50 37 151 59 251 125 96 245 
133 180 53 94 30 33 88 225 137 27 72 29 232 21 82 239 251 104 82 107 97 150 201 71 250 65 218 120 41 28 116 167 
123 45 78 134 241 213 189 48 23 74 10 36 82 58 175 146 45 101 231 236 116 175 59 29 162 18 235 164 194 159 222 206 
9 1 249 93 206 27 93 105 142 207 206 85 69 25 81 54 129 167 74 13 53 1 164 113 22 45 173 29 207 197 184 109 
224 124 180 161 40 44 89 89 169 239 166 116 160 181 117 24 126 192 225 83 220 151 248 89 61 227 175 89 74 104 11 82 
140 153 37 20 135 177 151 114 101 253 61 68 180 150 110 58 212 239 230 168 66 131 232 72 34 19 202 112 212 140 182 243 
121 112 19 79 209 166 139 53 244 245 78 72 116 68 172 59 202 230 11 159 45 37 170 159 232 251 166 139 137 183 226 34 
124 183 245 119 98 248 45 93 232 143 236 202 34 106 57 88 146 114 27 243 103 15 215 107 207 2 103 116 184 83 35 207 
23 6 218 117 61 170 227 152 62 15 201 233 59 240 200 235 169 72 85 250 58 216 21 9 250 249 68 8 190 104 172 59 
178 30 224 13 144 171 36 15 23 2 197 95 249 191 173 175 160 58 194 69 172 122 203 116 212 76 195 75 74 90 190 171 
159 124 15 121 204 63 246 106 231 187 142 212 137 111 242 237 130 26 190 53 36 147 184 5 47 47 229 227 193 254 13 148 
140 115 72 107 151 141 58 50 75 62 0 106 201 44 76 243 11 113 246 194 76 207 9 84 247 188 242 51 13 189 119 65 
184 130 12 141 67 197 71 46 65 227 15 88 210 3 175 254 8 239 45 185 231 39 67 139 188 26 179 207 3 124 173 112 
167 65 223 98 47 241 85 145 162 252 3 184 126 98 75 92 139 188 233 38 87 60 69 223 178 115 205 168 193 30 41 245 
14 2 127 47 44 78 67 181 118 26 47 230 55 134 159 19 195 105 102 50 153 28 18 119 146 21 21 133 161 77 145 69 
61 10 177 188 189 222 23 152 250 221 116 150 200 18 243 180 41 202 119 181 249 25 179 245 123 213 120 167 148 216 120 18 
197 133 114 174 238 134 107 236 28 244 87 117 247 153 238 60 76 4 165 61 56 136 227 250 168 152 88 215 165 218 128 197 
158 7 53 162 120 83 142 239 143 17 209 8 31 218 147 21 128 233 74 193 223 27 77 193 43 41 146 136 225 112 210 28 
3 75 254 236 250 213 146 73 100 146 175 12 136 228 212 171 29 148 88 77 31 19 156 52 122 38 99 228 91 188 147 139 
79 4 151 160 153 171 11 59 185 170 187 158 91 232 148 45 37 211 37 218 189 158 31 162 8 75 3 127 32 5 142 83 
152 233 154 44 19 16 190 213 232 54 234 99 61 131 186 77 1 209 238 162 160 10 180 101 162 202 24 226 71 138 234 95 
65 212 150 200 71 39 11 247 210 12 88 113 1 43 179 56 160 15 203 26 111 20 77 176 233 4 228 193 236 0 34 71 
206 28 13 127 188 200 176 95 31 6 65 184 157 16 134 144 173 143 95 233 185 34 64 199 136 200 77 17 71 73 241 167 
77 26 100 33 72 6 109 70 200 141 254 204 230 127 113 65 101 40 202 117 229 9 44 193 45 140 133 181 68 134 33 244 
72 163 108 167 111 26 226 158 85 46 104 232 76 216 68 120 172 118 245 119 193 187 23 232 187 90 187 129 125 58 65 104 
3 59 115 218 27 9 47 242 98 155 193 46 253 90 68 226 39 136 0 195 114 78 222 241 8 95 153 23 32 181 98 249 
209 182 215 98 192 172 232 220 83 15 41 77 153 139 59 116 34 218 143 195 180 95 187 111 13 196 44 197 170 236 250 94 
26 206 42 227 84 179 149 246 161 6 134 109 32 180 179 145 149 189 108 97 46 253 134 139 178 136 9 39 154 18 68 132 
213 87 14 24 254 234 57 157 182 189 138 8 184 188 235 45 115 216 213 153 158 171 26 65 172 210 68 75 240 199 8 155 
145 70 248 7 199 164 130 85 175 165 137 159 91 211 104 212 209 90 164 138 115 216 63 176 29 170 156 21 253 245 99 210 
181 176 170 161 120 121 98 57 94 122 232 118 173 170 93 230 51 127 9 74 242 155 224 75 214 185 169 21 184 19 188 176 
76 151 16 123 248 169 72 149 178 101 127 41 70 118 165 168 194 75 5 55 188 231 190 20 104 106 202 125 219 148 185 36 
135 50 214 103 113 85 73 3 220 200 128 70 30 129 22 20 155 29 0 139 104 254 239 194 194 142 142 30 25 204 94 45 
85 3 105 175 86 213 97 185 99 121 80 72 98 135 235 123 7 108 39 111 133 220 233 244 171 107 94 253 8 250 46 189 
41 236 36 182 186 115 174 85 101 189 249 16 253 32 8 100 208 234 220 207 169 227 68 187 193 205 38 242 170 58 254 53 
77 141 238 47 155 178 189 91 210 174 243 189 6 117 198 198 1 71 241 52 96 133 20 197 217 115 58 228 182 175 64 144 
250 28 9 185 222 5 79 51 87 220 25 144 208 132 46 239 62 86 243 75 179 36 254 213 232 144 187 124 237 145 126 52 
236 13 70 164 88 145 55 93 184 98 237 153 250 47 46 209 7 229 199 142 148 241 92 228 194 33 61 10 187 110 89 247 
58 189 244 9 248 219 41 25 232 37 11 2 147 210 64 128 26 104 78 12 80 142 22 139 108 212 228 218 96 206 44 180 
47 92 183 136 13 5 167 204 254 26 106 32 51 55 145 138 182 209 219 194 112 163 158 7 58 203 201 185 103 13 184 166 
239 92 138 233 161 109 93 223 246 176 76 27 62 121 12 133 5 206 66 58 44 52 154 36 142 107 86 107 165 29 124 79 
150 171 182 94 112 237 24 81 207 56 253 93 24 216 246 127 96 42 159 25 49 242 156 45 89 2 101 204 5 117 6 36 
21 234 120 156 130 244 49 196 108 250 189 161 110 123 232 24 196 137 64 121 147 207 37 197 183 5 91 235 87 109 117 66 
28 112 140 163 206 52 147 73 90 76 127 69 7 135 78 1 153 222 83 76 10 4 170 75 97 35 132 84 247 72 0 242 
193 71 243 89 12 57 179 22 209 73 204 47 39 83 208 43 41 175 40 228 205 87 97 162 39 99 105 60 241 35 32 41 
174 122 32 79 12 148 30 130 41 144 134 135 103 204 203 89 237 9 186 156 209 102 20 136 68 162 105 243 121 155 69 88 
8 220 209 97 192 107 126 246 244 45 193 129 188 1 25 218 12 217 82 42 146 162 56 75 71 33 82 61 100 94 49 201 
96 32 224 250 72 152 65 146 163 248 135 113 220 101 118 175 170 229 106 123 200 206 18 26 68 98 174 208 120 218 205 60 
233 228 58 56 171 50 156 75 60 171 44 249 88 46 67 84 110 45 171 80 40 56 26 160 162 164 31 90 59 242 193 143 
171 150 72 42 30 168 70 75 35 234 16 254 156 119 78 121 85 108 183 215 6 238 104 75 56 172 102 160 148 196 238 176 
117 201 8 122 112 68 8 188 7 0 239 55 29 242 124 224 185 4 121 141 24 183 107 93 247 38 253 36 113 241 50 153 
220 92 15 47 134 61 130 217 182 19 165 129 104 105 142 33 178 137 79 144 130 248 31 26 241 87 225 225 189 10 18 17 
118 35 191 209 254 177 207 103 67 133 114 208 109 193 172 24 30 181 185 200 143 231 141 80 107 229 93 23 92 96 167 244 
24 78 234 50 91 53 205 247 119 89 191 233 160 91 153 62 0 123 95 127 60 50 91 118 191 252 24 169 114 17 253 78 
85 222 35 15 225 197 215 29 24 183 230 173 84 235 48 169 21 131 32 60 86 223 12 37 221 116 29 128 185 122 168 110 
211 59 24 74 88 166 29 124 104 16 62 233 46 47 68 64 22 189 61 239 186 40 225 10 23 24 42 23 171 250 86 47 
89 174 246 215 187 42 58 15 9 143 224 44 124 104 221 112 223 189 216 146 86 91 135 192 74 190 57 25 103 76 11 102 
60 24 143 149 93 170 56 131 204 145 122 203 211 233 104 80 151 1 88 211 219 246 180 18 13 76 27 226 199 234 126 59 
119 69 74 230 135 7 149 207 67 218 234 113 2 59 190 97 187 3 203 102 13 101 57 221 205 156 163 182 241 183 235 182 
56 231 17 157 27 232 226 142 90 128 72 210 22 71 54 182 111 27 73 152 179 70 91 5 77 21 129 64 75 16 141 242 
114 179 29 108 99 62 230 102 154 165 186 63 63 155 17 164 71 53 220 118 48 121 81 33 222 184 213 73 108 93 116 154 
142 41 195 178 19 220 166 252 33 89 9 115 127 180 116 240 131 28 233 167 150 65 137 40 207 184 241 151 75 146 224 58 
97 204 147 82 171 130 23 190 32 76 47 242 124 162 67 191 117 142 51 60 142 153 111 65 169 193 230 183 92 95 64 186 
184 132 131 239 12 120 167 48 153 163 35 170 164 182 133 129 226 90 220 59 64 23 114 136 28 196 190 225 108 212 47 178 
181 233 102 178 103 34 252 17 158 33 157 148 110 16 37 161 12 197 133 26 7 139 157 126 61 242 5 206 247 191 165 89 
60 55 235 112 98 160 10 14 75 237 165 43 116 51 189 170 40 129 225 123 42 36 235 106 117 185 243 180 53 110 27 90 
43 171 246 95 159 223 82 59 199 54 136 84 157 243 198 178 22 230 117 207 230 211 26 228 65 124 121 158 22 176 225 65 
170 22 245 40 239 203 5 165 133 103 156 38 172 114 201 193 245 64 64 65 250 58 205 212 28 194 96 122 138 70 236 74 
203 70 141 138 228 219 206 43 129 196 250 161 222 109 116 116 121 213 21 5 117 204 49 28 72 161 203 0 175 126 217 79 
180 50 74 89 27 200 127 104 192 25 244 186 101 165 60 36 33 20 218 239 29 7 220 50 52 33 210 69 69 208 96 145 
32 123 40 139 225 37 97 240 85 187 7 232 248 144 213 197 40 105 1 249 18 216 193 230 72 222 2 184 12 158 2 163 
234 36 157 42 7 150 102 20 28 190 11 122 67 35 65 76 233 60 217 249 248 156 218 158 78 165 102 63 109 238 35 49 
245 175 119 199 157 236 10 242 127 101 222 110 227 234 44 200 110 39 164 88 123 196 223 181 181 67 10 188 10 215 99 103 
147 106 193 222 87 231 139 41 123 195 84 152 72 58 100 135 233 65 1 249 190 154 61 209 138 216 120 190 143 95 99 185 
75 33 247 182 87 208 82 59 28 177 144 198 165 39 42 105 236 40 148 158 180 180 19 103 50 225 181 144 130 14 192 68 
166 246 201 44 162 196 180 151 69 89 174 49 66 159 3 70 10 166 152 117 100 243 120 165 227 57 60 247 184 105 8 140 
88 186 163 137 129 208 101 232 244 162 96 241 217 78 245 0 163 16 19 175 8 68 187 155 232 220 230 206 88 178 217 229 
232 79 204 180 127 197 195 116 67 180 70 58 95 12 211 26 175 184 1 186 176 89 117 62 17 160 238 209 137 10 6 47 
61 142 202 118 221 217 78 195 111 213 72 26 204 48 201 148 42 172 169 132 172 57 143 44 126 162 74 200 157 75 86 47 
166 210 83 152 170 249 0 98 157 228 166 7 216 230 29 191 120 120 224 96 249 62 33 211 15 190 166 89 244 218 212 209 
72 231 15 25 60 121 202 104 32 43 13 106 59 99 168 74 252 55 111 247 8 223 63 75 47 179 63 71 217 161 68 3 
10 38 94 176 91 97 125 17 124 204 94 248 73 31 123 219 157 44 114 97 115 129 159 28 197 70 205 80 147 134 134 230 
223 1 120 123 82 42 200 158 241 144 125 140 180 235 66 93 116 172 224 55 24 253 54 54 2 158 91 243 116 12 66 51 
28 50 137 228 40 14 171 88 194 66 84 72 24 157 80 204 248 11 119 96 162 183 155 84 204 163 173 100 30 106 245 225 
147 219 42 63 190 70 128 70 248 111 208 65 158 253 238 74 210 209 227 208 239 237 122 145 26 138 139 87 62 218 67 138 
87 77 87 162 155 102 246 132 240 64 171 236 12 217 79 160 36 11 197 2 243 16 184 103 86 230 167 1 6 207 39 146 
60 181 64 228 158 152 42 231 96 173 27 27 80 95 74 20 122 76 105 96 100 213 176 97 55 237 219 249 23 101 243 253 
